- lat: 37.77854495951262
  lng: -122.51419629140621
